# 1\. set\_index

-   columns를 새로운 DataFrame의 index로 사용하기
-   `df.set_index(keys, drop=True, append = False, inplace = False)`

```
* keys : 새로운 index 생성에 사용할 column 목록 
* drop : key를 index로 사용할 때, column에서 제거 여부
* append : 기존의 index 유지 여부
```

---

-   df

```python
        pname       dept  gender  age  salary
0   James Kim  Education  Female   36    4700
1  Rose Hwang  Marketing    Male   35    4320
```

-   `df1 = df.set_index('age')`

```python
          pname       dept  gender  salary
*age*                                       
36    James Kim  Education  Female    4700
35   Rose Hwang  Marketing    Male    4320
```

-   `df2 = df.set_index('age', drop = False)` : drop, 컬럼에서 제거 여부

```python
          pname       dept  gender  *age*  salary
age                                            
36    James Kim  Education  Female   36    4700
35   Rose Hwang  Marketing    Male   35    4320
```

-   `df3 = df.set_index('age', append = True)` : append, 기존 유지 여부 # Multilevel Index

```python
            pname       dept  gender  salary
* age                                       
0 36    James Kim  Education  Female    4700
1 35   Rose Hwang  Marketing    Male    4320
```

-   `df4 = df.set_index(['age', 'gender'])`

```python
                 pname       dept  salary
age gender                               
36  Female   James Kim  Education    4700
35  Male    Rose Hwang  Marketing    4320
```

# 2\. reset\_index

-   index를 새로운 DataFrame의 column으로 사용하기
-   `df.reset_index(leve=None, drop=False,...)`

```
* level
 1) int, str, tuple, list로 작성
 2) None일 경우, 모든 Index 대상으로 하며, RangeIndex가 새로운 Index로 생성됨
* drop : 현 index를 columns로 포함하지 않을 지의 여부 (제거)
```

---

-   df

```python
                 dept  gender  age  salary
pname                                     
James Kim   Education  Female   36    4700
Rose Hwang  Marketing    Male   35    4320
```

-   `df1 = df.reset_index(0)`, `df1 = df.reset_index('pname')` : 인덱스, 이름

```python
        pname       dept  gender  age  salary
0   James Kim  Education  Female   36    4700
1  Rose Hwang  Marketing    Male   35    4320
```

---

-   df\_mulit # 멀티레벨일때

```python
                             age  salary
pname      dept      gender             
James Kim  Education Female   36    4700
Rose Hwang Marketing Male     35    4320
```

-   `df2 = df_mulit.reset_index(['pname','dept'])`, `df2 = df_mulit.reset_index([0,1])` : 인덱스, 이름

```python
             pname       dept  age  salary
gender                                    
Female   James Kim  Education   36    4700
Male    Rose Hwang  Marketing   35    4320
```

-   `df3 = df_mulit.reset_index()` : 없을 때는, 모든 인덱스 대상

```python
        pname       dept  gender  age  salary
0   James Kim  Education  Female   36    4700
1  Rose Hwang  Marketing    Male   35    4320
```

-   `df3 =df_mulit.reset_index([1,2], drop=True)` : drop, 제거 여부

```python
            age  salary
pname                  
James Kim    36    4700
Rose Hwang   35    4320
```

# 3\. sort\_index

-   axis에 따른 index lables를 기준으로 대상을 정렬한다.
-   axis = None, 0 : index, axis = 1 : columns
-   `df.sort_index(axis = 0, level = None, ascending=True, inplace=False, kind='quicksort', na_position='last',...)`

```python
* axis : 정렬 축 지정
* level : int, level-name, list of int or level-names 
* ascending : True(오름차순), False(내림차순), list of boolean 
* inplace : True인 경우 객체를 직접 수 None 반환
* kind : 정렬 알고리즘 지정 ('quicksort', 정하고'mergesort', 'heapsort')
* na_position : NA value의 위치 ('first', 'last')
```

---

-   df

```python
               pname      birth       dept  ...  chinese  salary        overtime
ID                                          ...                                 
18030201   James Kim 1990-01-23  Education  ...        0    3456 0 days 23:10:10
18030202  Rose Hwang 1992-10-11  Marketing  ...        0    4320 0 days 10:15:17
19030401    Sam Park 1995-07-02  Education  ...        0    5600 0 days 16:21:10
```

-   `df = df.sort_index(ascending=False)` : 축 없음(인덱스 기준 정렬, axis=0), ascending = False(내림차순)

```python
               pname      birth       dept  ...  chinese  salary        overtime
ID                                          ...                                 
19030401    Sam Park 1995-07-02  Education  ...        0    5600 0 days 16:21:10
18030202  Rose Hwang 1992-10-11  Marketing  ...        0    4320 0 days 10:15:17
18030201   James Kim 1990-01-23  Education  ...        0    3456 0 days 23:10:10
```

-   `df = df.sort_index(axis=1)` : 컬럼을 기준으로 정렬

```python
              birth  chinese       dept  ...        overtime       pname salary
ID                                       ...                                   
18030201 1990-01-23        0  Education  ... 0 days 23:10:10   James Kim   3456
18030202 1992-10-11        0  Marketing  ... 0 days 10:15:17  Rose Hwang   4320
19030401 1995-07-02        0  Education  ... 0 days 16:21:10    Sam Park   5600
```

---

-   df # 멀티레벨일때

```python
                                   birth  english  ...  salary        overtime
ID       dept      pname                           ...                        
18030201 Education James Kim  1990-01-23        1  ...    3456 0 days 23:10:10
18030202 Marketing Rose Hwang 1992-10-11        0  ...    4320 0 days 10:15:17
19030401 Education Sam Park   1995-07-02        1  ...    5600 0 days 16:21:10
```

-   `df = df.sort_index()` : 모든 인덱스 순서대로 정렬

```python
                                   birth  english  ...  salary        overtime
ID       dept      pname                           ...                        
18030201 Education James Kim  1990-01-23        1  ...    3456 0 days 23:10:10
18030202 Marketing Rose Hwang 1992-10-11        0  ...    4320 0 days 10:15:17
19030401 Education Sam Park   1995-07-02        1  ...    5600 0 days 16:21:10
```

-   `df = df.sort_index(level = [1,2])` : 지정 인덱스 순서대로 정렬

```python
                                   birth  english  ...  salary        overtime
ID       dept      pname                           ...                        
18030201 Education James Kim  1990-01-23        1  ...    3456 0 days 23:10:10
19030401 Education Sam Park   1995-07-02        1  ...    5600 0 days 16:21:10
18030202 Marketing Rose Hwang 1992-10-11        0  ...    4320 0 days 10:15:17
```

-   `df = df.sort_index(level=[1,2], ascending=[True, False])` : dept 오름차순, pname 내림차순

```python
                                   birth  english  ...  salary        overtime
ID       dept      pname                           ...                        
19030401 Education Sam Park   1995-07-02        1  ...    5600 0 days 16:21:10
18030201 Education James Kim  1990-01-23        1  ...    3456 0 days 23:10:10
18030202 Marketing Rose Hwang 1992-10-11        0  ...    4320 0 days 10:15:17
```

# 4\. sort\_values

-   by 목록의 values를 기준으로 대상을 정렬한다.
-   `df.sort_values(by, axis=0, ascending=True, inplace=False, kind='quicksort', na_position='last')`

```python
by : str 또는 list of str을  사용하여 정렬 기준이 되는 이름 또는 이름 목록 지정
axis = 0: column labels, axis = 1: index labels를 사용하여 이름 목록 작성
(axis = 1 사용을 위해서는 모든 columns의 dtype이 동일해야 함(거의 사용안함))
<
axis = 0 일때, 아래로 정렬 시켰음 - 세로로 정렬할거니까 정렬할 열의 맨 위의 컬럼레이블을 선택
axis = 1 일때, 가로로 정렬 시켰음 - 가로로 정렬할거니까 정렬할 행의 맨 앞의 인덱스를 선택
>
```

---

-   dfna

```python
               pname english chinese
ID                                  
18030201   James Kim       1        
18030202  Rose Hwang             NaN
19030401    Sam Park       1     NaN
19070101  Chris Jang     NaN       3
19070102   Grace Lee     NaN     NaN
```

-   `dfna.sort_values('pname')`

```python
               pname english chinese
ID                                  
19070101  Chris Jang     NaN       3
19070102   Grace Lee     NaN     NaN
18030201   James Kim       1        
18030202  Rose Hwang             NaN
19030401    Sam Park       1     NaN
```

-   `dfna.sort_values(['english','pname'], ascending=[True, False])`  
      
    : 빈칸은 공백, NaN은 기본이 last, english는 오름차순, chinese는 내림차순

```python
               pname english chinese
ID                                  
18030202  Rose Hwang             NaN
19030401    Sam Park       1     NaN
18030201   James Kim       1        
19070102   Grace Lee     NaN     NaN
19070101  Chris Jang     NaN       3
```

---

-   df

```python
    A     C     B   D
0  60   NaN   Kim  10
1  50  30.0  Park  20
2  40  10.0  Choi  10
3  30  20.0   Lee  20
```

-   `df.sort_values(by=['D','A'])`

```python
    A     C     B   D
2  40  10.0  Choi  10
0  60   NaN   Kim  10
3  30  20.0   Lee  20
1  50  30.0  Park  20
```

-   `df[['A','C','D']].sort_values(1, axis=1, ascending=True)` : axis=1 인 경우 동일한 타입이어야 한다

```python
    D     C   A
0  10   NaN  60
1  20  30.0  50
2  10  10.0  40
3  20  20.0  30
```

-   `df.sort_values(by='C', na_position='first')`

```python
    A     C     B   D
0  60   NaN   Kim  10
2  40  10.0  Choi  10
3  30  20.0   Lee  20
1  50  30.0  Park  20
```